0.0008924439782505949 0.0008263370168986991 0.0007932835362227512 
0.0008924439782505949 0.0008263370168986991 0.0007932835362227512 
0.0008924439782505949 0.0008263370168986991 0.0007932835362227512 
0.0008924439782505949 0.0008263370168986991 0.0007932835362227512 
0.0008924439782505949 0.0008263370168986991 0.0007932835362227512 
0.0008924439782505949 0.0008263370168986991 0.0007932835362227512 
0.0008924439782505949 0.0008263370168986991 0.0007932835362227512 
0.0008924439782505949 0.0008263370168986991 0.0007932835362227512 
0.0008924439782505949 0.0008263370168986991 0.0007932835362227512 
0.0008924439782505949 10.37869284698529 0.0007932835362227512 
0.0008924439782505949 24.999173662983104 0.0007932835362227512 
0.0008924439782505949 24.999173662983104 0.0007932835362227512 
0.0008924439782505949 24.999173662983104 0.0007932835362227512 
0.0008924439782505949 24.999173662983104 0.0007932835362227512 
0.0008924439782505949 24.999173662983104 0.0007932835362227512 
0.0008924439782505949 24.999173662983104 0.0007932835362227512 
0.0008924439782505949 24.999173662983104 0.0007932835362227512 
0.0008924439782505949 24.999173662983104 0.0007932835362227512 
0.0008924439782505949 24.999173662983104 0.0007932835362227512 
26.999107556021748 24.999173662983104 23.999206716463775 
